[meta]
mode = 1
description = "TEP snapshot at t = 20.0000 h"
source = "auto-snapshot from simulation"

[state.reactor_vapor]
A = 10.536838557001596
B = 4.520852215276345
C = 7.612897127367651
D = 0.41058012578119096
E = 23.47854554165885
F = 2.944338139838333
G = 151.54005658229286
H = 156.22279692761632

[state.reactor]
energy = 2.7555513438287025

[state.separator_vapor]
A = 63.55069337586224
B = 27.267746238603397
C = 45.91496608284136
D = 0.24352267546375517
E = 15.042722156461567
F = 1.8864905794930829
G = 52.499015431865686
H = 41.254629872313835

[state.separator]
energy = 0.5707056543697745

[state.stripper_liquid]
A = 0.4308605311925788
B = 0.007995350063367409
C = 0.9061396738483004
D = 0.015794027357285377
E = 0.7397699633012781
F = 0.08985737196996212
G = 48.29116583890187
H = 39.410663533610496

[state.stripper]
energy = 0.3762985748254504

[state.compressor_vapor]
A = 107.48468764789597
B = 30.353146334424526
C = 87.76150667029982
D = 22.986987238817395
E = 62.414137329448145
F = 5.657136941200221
G = 11.967566304932177
H = 5.579231275493342

[state.compressor]
energy = 0.9207334668953239

[state.cooling]
reactor_water_temp   = 94.59927549
separator_water_temp = 77.29698353

[state.valves]
d_feed                    = 63.05263038999998
e_feed                    = 53.979706769999986
a_feed                    = 24.643557549999997
a_c_feed                  = 61.30192143999999
compressor_recycle_valve  = 22.21
purge_valve               = 39.63633824930901
separator_underflow       = 36.88447367561821
stripper_product          = 47.548971243862766
stripper_steam_valve      = 47.44573456
reactor_cooling_water     = 41.10581288
condenser_cooling_water   = 18.11349055
agitator_speed            = 50
